a280.tsp 280 2860 18
berlin52.tsp 52 8422 11
bier127.tsp 127 133681 14
brd14051.tsp 14051 523843 117550
ch130.tsp 130 6653 13
ch150.tsp 150 7224 13
d1291.tsp 1291 57996 84
d15112.tsp 15112 1770762 141870
d1655.tsp 1655 70153 293
d18512.tsp 18512 719658 182649
d198.tsp 198 17178 18
d2103.tsp 2103 83921 117
d493.tsp 493 38542 44
d657.tsp 657 54310 55
eil101.tsp 101 724 13
eil51.tsp 51 494 15
eil76.tsp 76 608 13
fl1400.tsp 1400 23043 699
fl1577.tsp 1577 24202 156
fl3795.tsp 3795 31568 2966
fl417.tsp 417 13449 30
fnl4461.tsp 4461 203216 4845
gil262.tsp 262 2665 20
kroA100.tsp 100 23696 13
kroA150.tsp 150 30091 15
kroA200.tsp 200 32767 17
kroB100.tsp 100 24317 13
kroB150.tsp 150 29917 15
kroB200.tsp 200 33052 17
kroC100.tsp 100 22632 13
kroD100.tsp 100 23556 13
kroE100.tsp 100 23760 14
lin105.tsp 105 16356 12
lin318.tsp 318 47817 25
linhp318.tsp 318 47817 24
nrw1379.tsp 1379 63560 240
p654.tsp 654 39172 37
pcb1173.tsp 1173 62923 121
pcb3038.tsp 3038 153068 1436
pcb442.tsp 442 55732 30
pr1002.tsp 1002 287786 142
pr107.tsp 107 47950 14
pr124.tsp 124 63526 20
pr136.tsp 136 108416 13
pr144.tsp 144 67848 13
pr152.tsp 152 78832 13
pr226.tsp 226 91766 16
pr2392.tsp 2392 424545 826
pr264.tsp 264 54675 18
pr299.tsp 299 53598 23
pr439.tsp 439 118268 28
pr76.tsp 76 117236 12
rat195.tsp 195 2647 16
rat575.tsp 575 7706 48
rat783.tsp 783 9887 80
rat99.tsp 99 1320 12
rd100.tsp 100 8857 13
rd400.tsp 400 17086 32
rl11849.tsp 11849 1022335 25571
rl1304.tsp 1304 277559 81
rl1323.tsp 1323 298367 89
rl1889.tsp 1889 341047 160
rl5915.tsp 5915 613633 1316
rl5934.tsp 5934 602486 1611
st70.tsp 70 745 11
test10.tsp 10 1120 10
test15.tsp 15 115 10
test4.tsp 4 9 11
ts225.tsp 225 133252 14
tsp225.tsp 225 4326 16
u1060.tsp 1060 247158 142
u1432.tsp 1432 173952 283
u159.tsp 159 46191 13
u1817.tsp 1817 65758 280
u2152.tsp 2152 72656 406
u2319.tsp 2319 271249 1834
u574.tsp 574 41410 42
u724.tsp 724 47300 63
usa13509.tsp 13509 22269757 97634
vm1084.tsp 1084 265493 96
vm1748.tsp 1748 376494 248
