a280.tsp 280 3492 5
berlin52.tsp 52 10402 3
bier127.tsp 127 155472 3
brd14051.tsp 14051 644510 4265
ch130.tsp 130 8279 4
ch150.tsp 150 9315 4
d1291.tsp 1291 74292 38
d15112.tsp 15112 2216491 4890
d1655.tsp 1655 83426 58
d18512.tsp 18512 888145 7180
d198.tsp 198 19347 4
d2103.tsp 2103 124375 91
d493.tsp 493 45335 9
d657.tsp 657 65966 13
eil101.tsp 101 891 3
eil51.tsp 51 605 3
eil76.tsp 76 731 4
fl1400.tsp 1400 28632 46
fl1577.tsp 1577 29434 53
fl3795.tsp 3795 39138 291
fl417.tsp 417 16016 7
fnl4461.tsp 4461 249911 429
gil262.tsp 262 3265 5
kroA100.tsp 100 30516 4
kroA150.tsp 150 38763 4
kroA200.tsp 200 40234 4
kroB100.tsp 100 28807 4
kroB150.tsp 150 35289 4
kroB200.tsp 200 40615 4
kroC100.tsp 100 27636 3
kroD100.tsp 100 28599 4
kroE100.tsp 100 30964 3
lin105.tsp 105 21167 3
lin318.tsp 318 60978 5
linhp318.tsp 318 60978 5
nrw1379.tsp 1379 76591 47
p654.tsp 654 49658 12
pcb1173.tsp 1173 81663 32
pcb3038.tsp 3038 195305 190
pcb442.tsp 442 71264 7
pr1002.tsp 1002 351394 25
pr107.tsp 107 55956 4
pr124.tsp 124 82761 4
pr136.tsp 136 146988 4
pr144.tsp 144 77704 3
pr152.tsp 152 90292 4
pr226.tsp 226 114702 4
pr2392.tsp 2392 528105 118
pr264.tsp 264 66410 6
pr299.tsp 299 66918 6
pr439.tsp 439 144156 8
pr76.tsp 76 147668 5
rat195.tsp 195 3278 4
rat575.tsp 575 9585 12
rat783.tsp 783 11980 16
rat99.tsp 99 1635 4
rd100.tsp 100 10467 4
rd400.tsp 400 21105 8
rl11849.tsp 11849 1385140 3072
rl1304.tsp 1304 376090 39
rl1323.tsp 1323 390569 43
rl1889.tsp 1889 448005 77
rl5915.tsp 5915 849538 720
rl5934.tsp 5934 846617 730
st70.tsp 70 874 4
test10.tsp 10 1120 12
test15.tsp 15 115 3
test4.tsp 4 9 5
ts225.tsp 225 188008 6
tsp225.tsp 225 5327 5
u1060.tsp 1060 301663 26
u1432.tsp 1432 214189 44
u159.tsp 159 54089 4
u1817.tsp 1817 80318 70
u2152.tsp 2152 94217 99
u2319.tsp 2319 320119 110
u574.tsp 574 49878 10
u724.tsp 724 60012 15
usa13509.tsp 13509 27644633 3878
vm1084.tsp 1084 348777 28
vm1748.tsp 1748 482764 69
